Координаты распознаных штрихкодов:
[[1261.  742.]
 [1241.  773.]
 [1250.  707.]
 [1261.  742.]][[1907.  545.]
 [1762.  667.]
 [1638.  689.]
 [1761.  665.]
 [1904.  548.]
 [1904.    8.]
 [1411.    2.]
 [1380.  465.]
 [1301.  573.]
 [1386.  423.]
 [1405.    3.]
 [1906.    7.]
 [1907.  545.]][[1434.  881.]
 [1395.  872.]
 [1432.  880.]
 [1398.  840.]
 [1414.  730.]
 [1367.  690.]
 [1321.  710.]
 [1306.  760.]
 [1325.  704.]
 [1374.  688.]
 [1416.  730.]
 [1401.  848.]
 [1434.  881.]][[1446.  490.]
 [1424.  639.]
 [1311.  685.]
 [1310.  624.]
 [1312.  683.]
 [1422.  638.]
 [1443.  483.]
 [1346.  518.]
 [1446.  490.]][[1419.  528.]
 [1403.  624.]
 [1331.  652.]
 [1338.  545.]
 [1419.  528.]][[1417.  528.]
 [1340.  546.]
 [1331.  650.]
 [1401.  623.]
 [1417.  528.]][[1397.  554.]
 [1387.  605.]
 [1344.  623.]
 [1387.  601.]
 [1394.  547.]
 [1356.  560.]
 [1346.  616.]
 [1352.  562.]
 [1397.  554.]][[1455.  992.]
 [1432. 1003.]
 [1448.  962.]
 [1394.  912.]
 [1393.  856.]
 [1382.  885.]
 [1455.  992.]][[1638.  690.]
 [1456.  707.]
 [1575.  796.]
 [1613. 1052.]
 [1522. 1065.]
 [1382.  996.]
 [1522. 1063.]
 [1611. 1051.]
 [1573.  796.]
 [1454.  707.]
 [1638.  690.]][[1422.  684.]
 [1396.  686.]
 [1422.  684.]][[1420.  684.]
 [1398.  685.]
 [1420.  684.]]